-4527
-9054
-13581
-18108
-22635
-27162
-31689
-36216
-40743
-45270
-49797
-54324
-58851
-63378
-67905
-72432
-76959
-81486
-86013
-90540
-95067
-99594
-104121
-108648
-113175
-117702
-122229
-126756
-131283
-135810
-140337
-144864
-149391
-153918
-158445
-162972
-167499
-172026
-176553
-181080
-185607
-190134
-194661
-199188
-203715
-208242
-212769
-217296
-221823
-226350
-230877
-235404
-239931
-244458
-248985
-253512
-258039
-262566
-267093
-271620
-276147
-280674
-285201
-289728
-294255
-298782
-303309
-307836
-312363
-316890
-321417
-325944
-330471
-334998
-339525
-344052
-348579
-353106
-357633
-362160
-366687
-371214
-375741
-380268
-384795
-389322
-393849
-398376
-402903
-407430
-411957
-416484
-421011
-425538
-430065
-434592
-439119
-443646
-448173
-452700
-457227
-461754
-466281
-470808
-475335
-479862
-484389
-488916
-493443
-497970
-502497
-507024
-511551
-516078
-520605
-525132
-529659
-534186
-538713
-543240
-547767
-552294
-556821
-561348
-565875
-570402
-574929
-579456
